  1256937018 126   1   1   1  93   1   1  99   0   6  16 248 126
  1256937035 126   1   1   1  94   1   2  90   0  10  16 103 126
  1256937037 126   1   1   1  95   1   3  49   0   1  16 176 126
  1256937039 126   1   1   1  96   1   4  28   0  11  16 189 126
  1256937041 126   1   1   1  97   1   5  29   0   3  16 180 126
  1256937043 126   1   1   1  98   1   6  87   0   3  16  70 126
  1256937046 126   1   1   1  99   1   7   8   0  10  16  70 126
  1256937048 126   1   1   1 100   1   8 105   0   2  16 243 126
  1256937050 126   1   1   1 101   1   9  86   0  16  16 172 126
  1256937052 126   1   1   1 102   1  10  51   0   8  16  46 126
  1256937054 126   1   1   1 103   1   1 101   0   6  16 110 126
  1256937065 126   1   1   1 104   1   2  90   0  12  16  87 126
  1256937067 126   1   1   1 105   1   3  49   0   1  16  42 126
  1256937069 126   1   1   1 106   1   4  28   0  11  16  54 126
  1256937071 126   1   1   1 107   1   5  29   0   3  16  63 126
  1256937073 126   1   1   1 108   1   6  92   0   9  16  74 126
  1256937076 126   1   1   1 109   1   7   8   0  10  16  57 126
  1256937078 126   1   1   1 110   1   8 102   0  10  16 148 126
  1256937080 126   1   1   1 111   1   9  91   0   8  16  32 126
  1256937082 126   1   1   1 112   1  10  50   0   9  16  16 126
  1256937084 126   1   1   1 113   1   1 101   0   3  16 228 126
  1256937095 126   1   1   1 114   1   2  90   0  15  16 114 126
  1256937097 126   1   1   1 115   1   3  49   0   1  16  90 126
  1256937099 126   1   1   1 116   1   4  28   0  11  16 178 126
  1256937101 126   1   1   1 117   1   5  29   0   3  16 187 126
  1256937103 126   1   1   1 118   1   6  94   0  12  16 194 126
  1256937106 126   1   1   1 119   1   7   8   0  10  16  73 126
  1256937108 126   1   1   1 120   1   8 100   0  10  16 230 126
  1256937110 126   1   1   1 121   1   9  93   0   8  16  92 126
  1256937112 126   1   1   1 122   1  10  50   0  10  16 206 126
  1256937114 126   1   1   1 123   1   1 101   0   7  16  84 126
  1256937125 126   1   1   1 124   1   2  90   0  16  16 249 126
  1256937127 126   1   1   1 125   1   3  49   0   2  16 112 126
  1256937129 126   1   1   1 126   1   4  28   0  11  16  57 126
  1256937131 126   1   1   1 127   1   5  29   0   2  16 244 126
  1256937133 126   1   1   1 128   1   6  95   0   6  16  96 126
  1256937136 126   1   1   1 129   1   7   8   0  10  16 131 126
  1256937138 126   1   1   1 130   1   8  99   0   2  16 217 126
  1256937140 126   1   1   1 131   1   9  94   0  15  16 117 126
  1256937142 126   1   1   1 132   1  10  50   0  10  16 245 126
  1256937144 126   1   1   1 133   1   1 101   0   4  16  58 126
  1256937155 126   1   1   1 134   1   2  89   0   2  16 195 126
  1256937157 126   1   1   1 135   1   3  49   0   2  16 191 126
  1256937159 126   1   1   1 136   1   4  28   0  11  16 243 126
  1256937161 126   1   1   1 137   1   5  29   0   2  16  62 126
  1256937163 126   1   1   1 138   1   6  96   0  11  16 176 126
  1256937166 126   1   1   1 139   1   7   8   0   9  16  93 126
  1256937168 126   1   1   1 140   1   8 100   0  12  16 252 126
  1256937170 126   1   1   1 141   1   9  95   0   2  16  12 126
  1256937172 126   1   1   1 142   1  10  50   0  10  16 126 126
  1256937174 126   1   1   1 143   1   1 103   0   6  16  39 126
  1256937185 126   1   1   1 144   1   2  89   0   4  16  28 126
  1256937187 126   1   1   1 145   1   3  49   0   3  16  14 126
  1256937189 126   1   1   1 146   1   4  28   0  11  16 131 126
  1256937191 126   1   1   1 147   1   5  29   0   1  16  27 126
  1256937193 126   1   1   1 148   1   6  98   0   9  16 162 126
  1256937196 126   1   1   1 149   1   7   8   0  10  16 140 126
  1256937198 126   1   1   1 150   1   8 102   0  10  16  33 126
  1256937200 126   1   1   1 151   1   9  98   0  13  16 177 126
  1256937202 126   1   1   1 152   1  10  50   0  10  16  11 126
  1256937204 126   1   1   1 153   1   1 106   0  14  16 185 126
  1256937217 126   1   1   1 155   1   3  49   0   3  16 133 126
  1256937219 126   1   1   1 156   1   4  28   0  11  16 252 126
  1256937221 126   1   1   1 157   1   5  30   0  16  16 196 126
  1256937223 126   1   1   1 158   1   6 101   0   2  16 140 126
  1256937226 126   1   1   1 159   1   7   9   0   8  16  25 126
  1256937228 126   1   1   1 160   1   8 105   0   2  16  87 126
  1256937230 126   1   1   1 161   1   9 101   0   4  16  31 126
  1256937232 126   1   1   1 162   1  10  50   0   9  16 193 126
  1256937234 126   1   1   1 163   1   1 110   0  16  16  24 126
  1256937245 126   1   1   1 164   1   2  89   0   7  16 169 126
  1256937247 126   1   1   1 165   1   3  49   0   3  16 238 126
  1256937249 126   1   1   1 166   1   4  28   0  11  16  99 126
  1256937251 126   1   1   1 167   1   5  30   0  15  16 175 126
  1256937253 126   1   1   1 168   1   6 105   0   5  16 106 126
  1256937256 126   1   1   1 169   1   7   9   0   8  16 131 126
  1256937258 126   1   1   1 170   1   8 109   0   5  16 188 126
  1256937260 126   1   1   1 171   1   9 105   0   8  16 203 126
  1256937262 126   1   1   1 172   1  10  51   0   8  16 245 126
  1256937264 126   1   1   1 173   1   1 114   0  15  16 185 126
  1256937275 126   1   1   1 174   1   2  89   0   8  16  58 126
  1256937277 126   1   1   1 175   1   3  49   0   3  16 101 126
  1256937279 126   1   1   1 176   1   4  28   0  11  16  22 126
  1256937281 126   1   1   1 177   1   5  30   0  14  16  30 126
  1256937283 126   1   1   1 178   1   6 109   0   6  16  65 126
  1256937286 126   1   1   1 179   1   7   8   0   9  16 184 126
  1256937288 126   1   1   1 180   1   8 113   0   7  16 131 126
  1256937290 126   1   1   1 181   1   9 108   0  10  16  95 126
  1256937292 126   1   1   1 182   1  10  51   0   5  16  12 126
  1256937294 126   1   1   1 183   1   1 118   0  15  16 199 126
  1256937305 126   1   1   1 184   1   2  88   0   9  16   4 126
  1256937307 126   1   1   1 185   1   3  49   0   2  16 212 126
  1256937309 126   1   1   1 186   1   4  28   0  11  16 157 126
  1256937311 126   1   1   1 187   1   5  30   0  13  16 192 126
  1256937313 126   1   1   1 188   1   6 113   0   5  16  65 126
  1256937316 126   1   1   1 189   1   7   8   0   9  16 199 126
  1256937318 126   1   1   1 190   1   8 116   0  11  16 196 126
  1256937320 126   1   1   1 191   1   9 112   0  14  16 197 126
  1256937322 126   1   1   1 192   1  10  51   0   3  16 251 126
  1256937324 126   1   1   1 193   1   1 121   0   4  16  35 126
  1256937335 126   1   1   1 194   1   2  88   0   9  16  92 126
  1256937337 126   1   1   1 195   1   3  49   0   2  16 140 126
  1256937339 126   1   1   1 196   1   4  28   0  11  16  49 126
  1256937341 126   1   1   1 197   1   5  30   0  11  16 198 126
  1256937343 126   1   1   1 198   1   6 106   0  13  16 195 126
  1256937346 126   1   1   1 199   1   7   8   0   9  16 159 126
  1256937348 126   1   1   1 200   1   8 118   0  14  16  97 126
  1256937350 126   1   1   1 201   1   9 114   0  14  16 159 126
