  1271748049 126   1   1   1 172   1  10  66   0  15  16 188 126
  1271748051 126   1   1   1 173   1   1  61   0   8  16 173 126
  1271748061 126   1   1   1 174   1   2 101   0   6  16 188 126
  1271748064 126   1   1   1 175   1   3  48   0  12  16 242 126
  1271748066 126   1   1   1 176   1   4  21   0   1  16  98 126
  1271748068 126   1   1   1 177   1   5  26   0  12  16 129 126
  1271748070 126   1   1   1 178   1   6  80   0  16  16 210 126
  1271748072 126   1   1   1 179   1   7  30   0  11  16  24 126
  1271748074 126   1   1   1 180   1   8  94   0  14  16 219 126
  1271748076 126   1   1   1 181   1   9  57   0   7  16 143 126
  1271748079 126   1   1   1 182   1  10  66   0  15  16 204 126
  1271748081 126   1   1   1 183   1   1  60   0   9  16 150 126
  1271748091 126   1   1   1 184   1   2 101   0   5  16 156 126
  1271748094 126   1   1   1 185   1   3  48   0  12  16 135 126
  1271748096 126   1   1   1 186   1   4  21   0   1  16 233 126
  1271748098 126   1   1   1 187   1   5  26   0  12  16  10 126
  1271748100 126   1   1   1 188   1   6  80   0  16  16 173 126
  1271748102 126   1   1   1 189   1   7  31   0   7  16 165 126
  1271748104 126   1   1   1 190   1   8  94   0  14  16  80 126
  1271748106 126   1   1   1 191   1   9  57   0   8  16  28 126
  1271748108 126   1   1   1 192   1  10  66   0  16  16 101 126
  1271748111 126   1   1   1 193   1   1  60   0  10  16 158 126
  1271748121 126   1   1   1 194   1   2 101   0   5  16 196 126
  1271748124 126   1   1   1 195   1   3  48   0  12  16 223 126
  1271748126 126   1   1   1 196   1   4  21   0   1  16  69 126
  1271748128 126   1   1   1 197   1   5  26   0  12  16 166 126
  1271748130 126   1   1   1 198   1   6  79   0   2  16  42 126
  1271748132 126   1   1   1 199   1   7  32   0  15  16  89 126
  1271748134 126   1   1   1 200   1   8  94   0  16  16  61 126
  1271748136 126   1   1   1 201   1   9  56   0   9  16  10 126
  1271748139 126   1   1   1 202   1  10  66   0  16  16 238 126
  1271748141 126   1   1   1 203   1   1  60   0  11  16 209 126
  1271748151 126   1   1   1 204   1   2 102   0  11  16 239 126
  1271748154 126   1   1   1 205   1   3  48   0  12  16 160 126
  1271748156 126   1   1   1 206   1   4  21   0   1  16 206 126
  1271748158 126   1   1   1 207   1   5  26   0  14  16 188 126
  1271748160 126   1   1   1 208   1   6  79   0   3  16 155 126
  1271748162 126   1   1   1 209   1   7  31   0   5  16  25 126
  1271748164 126   1   1   1 210   1   8  94   0  16  16  77 126
  1271748166 126   1   1   1 211   1   9  56   0   9  16 122 126
  1271748168 126   1   1   1 212   1  10  66   0  16  16 106 126
  1271748171 126   1   1   1 213   1   1  60   0  12  16  59 126
  1271748183 126   1   1   1 214   1   2 103   0   6  16 153 126
  1271748186 126   1   1   1 215   1   3  48   0  12  16 208 126
  1271748188 126   1   1   1 216   1   4  21   0   1  16 187 126
  1271748190 126   1   1   1 217   1   5  26   0  16  16 249 126
  1271748192 126   1   1   1 218   1   6  79   0   4  16 126 126
  1271748194 126   1   1   1 219   1   7  30   0   9  16  80 126
  1271748196 126   1   1   1 220   1   8  93   0   1  16 146 126
  1271748198 126   1   1   1 221   1   9  56   0  10  16  80 126
  1271748201 126   1   1   1 222   1  10  65   0   1  16  65 126
  1271748203 126   1   1   1 223   1   1  60   0  13  16 116 126
  1271748213 126   1   1   1 224   1   2 103   0   6  16   3 126
  1271748216 126   1   1   1 225   1   3  48   0  12  16  74 126
  1271748218 126   1   1   1 226   1   4  21   0   1  16  36 126
  1271748220 126   1   1   1 227   1   5  26   0  16  16 102 126
  1271748222 126   1   1   1 228   1   6  79   0   5  16 209 126
  1271748224 126   1   1   1 229   1   7  32   0  15  16 204 126
  1271748226 126   1   1   1 230   1   8  93   0   1  16  13 126
  1271748228 126   1   1   1 231   1   9  56   0  11  16  11 126
  1271748230 126   1   1   1 232   1  10  65   0   1  16 219 126
  1271748233 126   1   1   1 233   1   1  60   0  14  16 187 126
  1271748243 126   1   1   1 234   1   2 103   0   6  16 136 126
  1271748246 126   1   1   1 235   1   3  48   0  13  16   5 126
  1271748248 126   1   1   1 236   1   4  21   0   1  16  91 126
  1271748250 126   1   1   1 237   1   5  26   0  16  16  25 126
  1271748252 126   1   1   1 238   1   6  79   0   6  16  15 126
  1271748254 126   1   1   1 239   1   7  31   0   7  16 227 126
  1271748256 126   1   1   1 240   1   8  93   0   3  16 233 126
  1271748258 126   1   1   1 241   1   9  56   0  11  16 126 126
  1271748261 126   1   1   1 242   1  10  65   0   1  16 171 126
  1271748263 126   1   1   1 243   1   1  60   0  15  16  15 126
  1271748273 126   1   1   1 244   1   2 103   0   7  16 200 126
  1271748276 126   1   1   1 245   1   3  48   0  13  16 129 126
  1271748278 126   1   1   1 246   1   4  21   0   1  16  43 126
  1271748280 126   1   1   1 247   1   5  26   0  15  16 157 126
  1271748282 126   1   1   1 248   1   6  79   0   7  16 190 126
  1271748284 126   1   1   1 249   1   7  31   0   5  16   7 126
  1271748286 126   1   1   1 250   1   8  93   0   3  16  98 126
  1271748288 126   1   1   1 251   1   9  56   0  12  16 155 126
  1271748291 126   1   1   1 252   1  10  65   0   2  16 129 126
  1271748303 126   1   1   1 253   1   1  60   0  16  16 132 126
  1271748333 126   1   1   1 254   1   2 102   0  12  16 239 126
  1271748336 126   1   1   1 255   1   3  48   0  13  16  10 126
  1271748338 126   1   1   1   0   1   4  21   0   1  16 225 126
  1271748340 126   1   1   1   1   1   5  26   0  14  16 147 126
  1271748342 126   1   1   1   2   1   6  78   0   9  16  34 126
  1271748344 126   1   1   1   3   1   7  31   0   7  16  89 126
  1271748346 126   1   1   1   4   1   8  93   0   6  16 166 126
  1271748348 126   1   1   1   5   1   9  56   0  13  16 100 126
  1271748351 126   1   1   1   6   1  10  65   0   3  16 138 126
  1271748353 126   1   1   1   7   1   1  59   0   1  16 229 126
  1271748363 126   1   1   1   8   1   2 102   0  14  16 180 126
  1271748366 126   1   1   1   9   1   3  48   0  13  16 192 126
  1271748368 126   1   1   1  10   1   4  21   0   1  16 106 126
  1271748370 126   1   1   1  11   1   5  26   0  12  16 137 126
  1271748372 126   1   1   1  12   1   6  78   0  10  16   8 126
  1271748374 126   1   1   1  13   1   7  31   0   4  16 115 126
  1271748376 126   1   1   1  14   1   8  93   0   7  16 233 126
  1271748378 126   1   1   1  15   1   9  56   0  13  16 239 126
  1271748381 126   1   1   1  16   1  10  65   0   3  16 255 126
  1271748383 126   1   1   1  17   1   1  59   0   2  16 197 126
  1271748393 126   1   1   1  18   1   2 102   0  16  16 244 126
  1271748396 126   1   1   1  19   1   3  48   0  13  16 176 126
  1271748398 126   1   1   1  20   1   4  21   0   1  16 238 126
  1271748400 126   1   1   1  21   1   5  26   0  12  16  13 126
  1271748402 126   1   1   1  22   1   6  78   0  11  16 188 126
  1271748404 126   1   1   1  23   1   7  31   0   2  16 169 126
  1271748406 126   1   1   1  24   1   8  93   0   8  16 132 126
  1271748408 126   1   1   1  25   1   9  56   0  14  16 207 126
  1271748411 126   1   1   1  26   1  10  65   0   4  16  26 126
  1271748423 126   1   1   1  27   1   1  59   0   4  16 228 126
  1271748453 126   1   1   1  28   1   2 101   0   5  16  16 126
  1271748456 126   1   1   1  29   1   3  48   0  14  16 154 126
  1271748458 126   1   1   1  30   1   4  21   0   1  16 101 126
  1271748460 126   1   1   1  31   1   5  26   0   9  16 121 126
  1271748462 126   1   1   1  32   1   6  78   0  13  16 140 126
  1271748464 126   1   1   1  33   1   7  31   0   1  16 102 126
  1271748466 126   1   1   1  34   1   8  92   0   9  16  80 126
  1271748468 126   1   1   1  35   1   9  56   0  15  16 148 126
  1271748471 126   1   1   1  36   1  10  65   0   5  16 181 126
  1271748473 126   1   1   1  37   1   1  59   0   5  16  75 126
  1271748483 126   1   1   1  38   1   2 101   0   7  16  30 126
  1271748486 126   1   1   1  39   1   3  48   0  14  16   5 126
  1271748488 126   1   1   1  40   1   4  21   0   1  16 255 126
  1271748490 126   1   1   1  41   1   5  27   0   8  16 168 126
  1271748492 126   1   1   1  42   1   6  78   0  14  16  82 126
  1271748494 126   1   1   1  43   1   7  31   0   4  16  18 126
  1271748496 126   1   1   1  44   1   8  92   0  10  16 122 126
  1271748498 126   1   1   1  45   1   9  56   0  16  16  31 126
  1271748501 126   1   1   1  46   1  10  65   0   5  16  62 126
  1271748503 126   1   1   1  47   1   1  59   0   6  16 149 126
  1271748513 126   1   1   1  48   1   2 102   0  13  16   4 126
  1271748516 126   1   1   1  49   1   3  48   0  14  16 112 126
  1271748518 126   1   1   1  50   1   4  21   0   1  16 143 126
  1271748520 126   1   1   1  51   1   5  26   0  14  16 253 126
  1271748522 126   1   1   1  52   1   6  78   0  15  16  18 126
  1271748524 126   1   1   1  53   1   7  31   0   1  16 105 126
  1271748526 126   1   1   1  54   1   8  92   0  11  16 206 126
  1271748528 126   1   1   1  55   1   9  56   0  16  16 111 126
  1271748531 126   1   1   1  56   1  10  65   0   6  16  30 126
  1271748543 126   1   1   1  57   1   1  59   0   7  16  36 126
  1271748573 126   1   1   1  58   1   2 103   0   2  16  24 126
  1271748576 126   1   1   1  59   1   3  48   0  14  16 251 126
  1271748578 126   1   1   1  60   1   4  21   0   1  16 240 126
  1271748580 126   1   1   1  61   1   5  24   0   9  16 235 126
  1271748582 126   1   1   1  62   1   6  77   0   1  16 205 126
  1271748584 126   1   1   1  63   1   7  31   0   2  16 183 126
  1271748586 126   1   1   1  64   1   8  92   0  13  16  57 126
  1271748588 126   1   1   1  65   1   9  55   0   2  16 213 126
  1271748590 126   1   1   1  66   1  10  65   0   6  16  70 126
  1271748593 126   1   1   1  67   1   1  59   0   8  16 100 126
  1271748603 126   1   1   1  68   1   2 103   0   2  16 180 126
  1271748606 126   1   1   1  69   1   3  48   0  14  16  87 126
  1271748608 126   1   1   1  70   1   4  21   0   1  16 168 126
  1271748610 126   1   1   1  71   1   5  24   0  10  16 230 126
  1271748612 126   1   1   1  72   1   6  77   0   2  16 197 126
  1271748614 126   1   1   1  73   1   7  31   0   4  16  64 126
  1271748616 126   1   1   1  74   1   8  92   0  14  16 231 126
  1271748618 126   1   1   1  75   1   9  55   0   2  16  94 126
  1271748620 126   1   1   1  76   1  10  65   0   7  16 253 126
  1271748623 126   1   1   1  77   1   1  59   0   8  16  27 126
  1271748633 126   1   1   1  78   1   2 104   0  11  16  23 126
  1271748636 126   1   1   1  79   1   3  48   0  14  16 220 126
  1271748638 126   1   1   1  80   1   4  21   0   1  16 221 126
  1271748640 126   1   1   1  81   1   5  24   0  14  16 168 126
  1271748642 126   1   1   1  82   1   6  77   0   3  16 113 126
  1271748644 126   1   1   1  83   1   7  31   0   4  16  48 126
  1271748646 126   1   1   1  84   1   8  92   0  15  16 167 126
  1271748648 126   1   1   1  85   1   9  55   0   3  16  30 126
  1271748650 126   1   1   1  86   1  10  65   0   8  16 149 126
  1271748653 126   1   1   1  87   1   1  58   0   9  16  32 126
  1271748665 126   1   1   1  88   1   2 104   0  11  16  98 126
  1271748668 126   1   1   1  89   1   3  48   0  15  16 109 126
  1271748670 126   1   1   1  90   1   4  21   0   1  16  86 126
  1271748672 126   1   1   1  91   1   5  24   0  15  16 231 126
  1271748674 126   1   1   1  92   1   6  77   0   4  16  96 126
  1271748676 126   1   1   1  93   1   7  30   0  11  16 216 126
  1271748678 126   1   1   1  94   1   8  92   0  16  16 216 126
  1271748680 126   1   1   1  95   1   9  55   0   3  16 149 126
  1271748683 126   1   1   1  96   1  10  65   0   8  16  15 126
  1271748685 126   1   1   1  97   1   1  58   0  10  16 239 126
  1271748695 126   1   1   1  98   1   2 104   0  12  16 147 126
  1271748698 126   1   1   1  99   1   3  48   0  15  16 242 126
  1271748700 126   1   1   1 100   1   4  21   0   1  16  61 126
  1271748702 126   1   1   1 101   1   5  24   0  16  16 120 126
  1271748704 126   1   1   1 102   1   6  77   0   5  16  59 126
  1271748706 126   1   1   1 103   1   7  30   0  10  16 131 126
  1271748708 126   1   1   1 104   1   8  91   0   1  16 236 126
  1271748710 126   1   1   1 105   1   9  55   0   3  16  15 126
  1271748713 126   1   1   1 106   1  10  64   0   9  16 207 126
  1271748715 126   1   1   1 107   1   1  58   0  11  16 160 126
  1271748725 126   1   1   1 108   1   2 104   0  15  16 185 126
  1271748728 126   1   1   1 109   1   3  48   0  15  16 141 126
  1271748730 126   1   1   1 110   1   4  21   0   1  16 182 126
  1271748732 126   1   1   1 111   1   5  24   0  15  16   7 126
  1271748734 126   1   1   1 112   1   6  77   0   6  16  27 126
  1271748736 126   1   1   1 113   1   7  29   0   3  16 204 126
  1271748738 126   1   1   1 114   1   8  91   0   2  16 201 126
  1271748740 126   1   1   1 115   1   9  55   0   4  16  17 126
  1271748742 126   1   1   1 116   1  10  64   0  10  16  30 126
  1271748745 126   1   1   1 117   1   1  58   0  12  16  74 126
  1271748755 126   1   1   1 118   1   2 103   0   2  16 218 126
  1271748758 126   1   1   1 119   1   3  48   0  14  16  57 126
  1271748760 126   1   1   1 120   1   4  21   0   1  16 195 126
  1271748762 126   1   1   1 121   1   5  24   0  15  16 114 126
  1271748764 126   1   1   1 122   1   6  77   0   7  16  84 126
  1271748766 126   1   1   1 123   1   7  30   0  12  16 215 126
  1271748768 126   1   1   1 124   1   8  91   0   3  16 114 126
  1271748770 126   1   1   1 125   1   9  55   0   5  16 170 126
  1271748773 126   1   1   1 126   1  10  64   0  11  16  81 126
  1271748785 126   1   1   1 127   1   1  58   0  13  16   5 126
  1271748815 126   1   1   1 128   1   2 103   0   5  16 126 126
  1271748818 126   1   1   1 129   1   3  48   0  15  16  55 126
  1271748820 126   1   1   1 130   1   4  21   0   1  16  12 126
  1271748822 126   1   1   1 131   1   5  24   0  13  16  44 126
  1271748824 126   1   1   1 132   1   6  76   0   9  16  60 126
  1271748826 126   1   1   1 133   1   7  31   0   7  16  64 126
  1271748828 126   1   1   1 134   1   8  91   0   4  16 211 126
  1271748830 126   1   1   1 135   1   9  55   0   6  16  48 126
  1271748833 126   1   1   1 136   1  10  64   0  12  16 245 126
  1271748835 126   1   1   1 137   1   1  58   0  14  16 154 126
  1271748845 126   1   1   1 138   1   2 103   0   6  16 160 126
  1271748848 126   1   1   1 139   1   3  48   0  15  16 188 126
  1271748850 126   1   1   1 140   1   4  21   0   1  16 115 126
  1271748852 126   1   1   1 141   1   5  24   0  12  16 151 126
  1271748854 126   1   1   1 142   1   6  76   0  10  16 226 126
  1271748856 126   1   1   1 143   1   7  31   0   2  16  52 126
  1271748858 126   1   1   1 144   1   8  91   0   5  16  98 126
  1271748860 126   1   1   1 145   1   9  55   0   6  16  69 126
  1271748862 126   1   1   1 146   1  10  64   0  13  16  65 126
  1271748865 126   1   1   1 147   1   1  58   0  15  16  46 126
  1271748875 126   1   1   1 148   1   2 103   0   7  16 224 126
  1271748878 126   1   1   1 149   1   3  48   0  15  16  56 126
  1271748880 126   1   1   1 150   1   4  21   0   1  16   3 126
  1271748882 126   1   1   1 151   1   5  24   0  11  16 137 126
  1271748884 126   1   1   1 152   1   6  76   0  11  16  83 126
  1271748886 126   1   1   1 153   1   7  32   0  16  16 238 126
  1271748888 126   1   1   1 154   1   8  91   0   5  16 233 126
  1271748890 126   1   1   1 155   1   9  55   0   7  16  10 126
  1271748893 126   1   1   1 156   1  10  64   0  14  16 107 126
  1271748904 126   1   1   1 157   1   1  58   0  16  16 165 126
  1271748934 126   1   1   1 158   1   2 102   0  13  16   3 126
  1271748937 126   1   1   1 159   1   3  48   0  15  16 179 126
  1271748939 126   1   1   1 160   1   4  21   0   1  16 153 126
  1271748941 126   1   1   1 161   1   5  25   0   8  16 201 126
  1271748943 126   1   1   1 162   1   6  76   0  12  16 162 126
  1271748945 126   1   1   1 163   1   7  33   0   8  16 100 126
  1271748947 126   1   1   1 164   1   8  91   0   7  16  19 126
  1271748949 126   1   1   1 165   1   9  55   0   8  16 121 126
  1271748951 126   1   1   1 166   1  10  64   0  15  16  48 126
  1271748953 126   1   1   1 167   1   1  57   0   1  16 154 126
  1271748964 126   1   1   1 168   1   2 102   0  16  16 252 126
  1271748967 126   1   1   1 169   1   3  48   0  15  16  41 126
  1271748969 126   1   1   1 170   1   4  21   0   1  16  18 126
  1271748971 126   1   1   1 171   1   5  25   0   7  16  90 126
  1271748973 126   1   1   1 172   1   6  76   0  13  16  25 126
  1271748975 126   1   1   1 173   1   7  33   0   6  16 199 126
  1271748977 126   1   1   1 174   1   8  91   0   8  16 128 126
  1271748979 126   1   1   1 175   1   9  54   0   9  16 185 126
  1271748981 126   1   1   1 176   1  10  64   0  16  16 177 126
  1271748984 126   1   1   1 177   1   1  57   0   2  16 186 126
  1271748994 126   1   1   1 178   1   2 101   0   2  16 121 126
  1271748996 126   1   1   1 179   1   3  48   0  15  16  89 126
  1271748999 126   1   1   1 180   1   4  21   0   1  16 150 126
  1271749001 126   1   1   1 181   1   5  25   0   5  16  79 126
  1271749003 126   1   1   1 182   1   6  76   0  14  16  60 126
  1271749005 126   1   1   1 183   1   7  33   0   6  16 183 126
  1271749007 126   1   1   1 184   1   8  90   0   9  16 190 126
  1271749009 126   1   1   1 185   1   9  54   0   9  16 204 126
  1271749012 126   1   1   1 186   1  10  64   0  16  16  58 126
  1271749024 126   1   1   1 187   1   1  57   0   2  16  49 126
  1271749054 126   1   1   1 188   1   2 101   0   7  16 249 126
  1271749057 126   1   1   1 189   1   3  48   0  15  16  38 126
  1271749059 126   1   1   1 190   1   4  21   0   1  16  29 126
  1271749061 126   1   1   1 191   1   5  25   0   3  16 110 126
  1271749063 126   1   1   1 192   1   6  76   0  15  16 165 126
  1271749065 126   1   1   1 193   1   7  34   0   9  16 122 126
  1271749067 126   1   1   1 194   1   8  90   0  10  16 179 126
  1271749069 126   1   1   1 195   1   9  54   0  10  16 193 126
  1271749071 126   1   1   1 196   1  10  63   0   1  16 140 126
  1271749074 126   1   1   1 197   1   1  57   0   4  16  55 126
  1271749084 126   1   1   1 198   1   2 103   0   5  16  55 126
  1271749086 126   1   1   1 199   1   3  48   0  16  16 138 126
  1271749089 126   1   1   1 200   1   4  21   0   1  16  64 126
  1271749091 126   1   1   1 201   1   5  24   0  10  16  14 126
  1271749093 126   1   1   1 202   1   6  76   0  16  16 218 126
  1271749095 126   1   1   1 203   1   7  35   0   1  16   8 126
  1271749097 126   1   1   1 204   1   8  90   0  11  16   8 126
  1271749099 126   1   1   1 205   1   9  54   0  11  16 122 126
  1271749101 126   1   1   1 206   1  10  63   0   2  16  82 126
  1271749104 126   1   1   1 207   1   1  57   0   4  16 188 126
  1271749114 126   1   1   1 208   1   2 104   0  14  16 251 126
  1271749117 126   1   1   1 209   1   3  48   0  16  16 255 126
  1271749119 126   1   1   1 210   1   4  21   0   1  16  48 126
  1271749121 126   1   1   1 211   1   5  23   0   1  16 199 126
  1271749123 126   1   1   1 212   1   6  75   0   1  16 240 126
  1271749125 126   1   1   1 213   1   7  36   0  11  16 237 126
  1271749127 126   1   1   1 214   1   8  90   0  12  16  22 126
  1271749129 126   1   1   1 215   1   9  54   0  11  16  10 126
  1271749132 126   1   1   1 216   1  10  63   0   2  16  39 126
  1271749144 126   1   1   1 217   1   1  57   0   5  16  13 126
  1271749174 126   1   1   1 218   1   2 104   0  12  16 225 126
  1271749177 126   1   1   1 219   1   3  48   0  16  16 116 126
  1271749179 126   1   1   1 220   1   4  21   0   1  16  79 126
  1271749181 126   1   1   1 221   1   5  23   0   3  16  41 126
  1271749183 126   1   1   1 222   1   6  75   0   3  16 234 126
  1271749185 126   1   1   1 223   1   7  36   0  11  16 102 126
  1271749187 126   1   1   1 224   1   8  90   0  14  16  29 126
  1271749189 126   1   1   1 225   1   9  54   0  13  16  58 126
  1271749192 126   1   1   1 226   1  10  63   0   4  16  18 126
  1271749194 126   1   1   1 227   1   1  57   0   6  16 199 126
  1271749204 126   1   1   1 228   1   2 104   0  14  16  27 126
  1271749207 126   1   1   1 229   1   3  48   0  16  16  31 126
  1271749209 126   1   1   1 230   1   4  21   0   1  16 208 126
  1271749211 126   1   1   1 231   1   5  23   0   3  16 182 126
  1271749213 126   1   1   1 232   1   6  75   0   3  16 112 126
  1271749215 126   1   1   1 233   1   7  35   0   5  16 166 126
  1271749217 126   1   1   1 234   1   8  90   0  15  16  82 126
  1271749219 126   1   1   1 235   1   9  54   0  14  16 228 126
  1271749221 126   1   1   1 236   1  10  63   0   6  16 252 126
  1271749224 126   1   1   1 237   1   1  57   0   7  16 124 126
  1271749234 126   1   1   1 238   1   2 103   0   2  16  71 126
  1271749237 126   1   1   1 239   1   3  48   0  16  16 148 126
  1271749239 126   1   1   1 240   1   4  21   0   1  16 165 126
  1271749241 126   1   1   1 241   1   5  23   0   3  16 195 126
  1271749243 126   1   1   1 242   1   6  75   0   4  16 110 126
  1271749245 126   1   1   1 243   1   7  34   0  15  16 190 126
  1271749247 126   1   1   1 244   1   8  90   0  15  16 214 126
  1271749249 126   1   1   1 245   1   9  54   0  14  16  96 126
  1271749252 126   1   1   1 246   1  10  63   0   7  16  72 126
  1271749264 126   1   1   1 247   1   1  57   0   7  16  12 126
  1271749294 126   1   1   1 248   1   2 103   0   4  16 152 126
  1271749296 126   1   1   1 249   1   3  48   0  16  16 225 126
  1271749299 126   1   1   1 250   1   4  21   0   1  16  46 126
  1271749301 126   1   1   1 251   1   5  23   0   2  16 140 126
  1271749303 126   1   1   1 252   1   6  75   0   6  16 128 126
  1271749305 126   1   1   1 253   1   7  32   0  13  16  87 126
  1271749307 126   1   1   1 254   1   8  89   0   1  16   9 126
  1271749309 126   1   1   1 255   1   9  54   0  15  16  47 126
  1271749311 126   1   1   1   0   1  10  63   0   8  16 154 126
  1271749314 126   1   1   1   1   1   1  57   0   8  16 222 126
  1271749324 126   1   1   1   2   1   2 103   0   6  16 198 126
  1271749326 126   1   1   1   3   1   3  48   0  16  16  46 126
  1271749329 126   1   1   1   4   1   4  21   0   1  16  21 126
  1271749331 126   1   1   1   5   1   5  24   0  16  16  80 126
  1271749333 126   1   1   1   6   1   6  75   0   7  16 139 126
  1271749335 126   1   1   1   7   1   7  31   0   1  16   7 126
  1271749337 126   1   1   1   8   1   8  89   0   2  16 150 126
  1271749339 126   1   1   1   9   1   9  54   0  15  16 229 126
  1271749341 126   1   1   1  10   1  10  62   0  10  16  15 126
  1271749344 126   1   1   1  11   1   1  56   0   9  16  30 126
  1271749354 126   1   1   1  12   1   2 103   0   7  16 125 126
  1271749356 126   1   1   1  13   1   3  48   0  16  16  81 126
  1271749359 126   1   1   1  14   1   4  21   0   1  16 158 126
  1271749361 126   1   1   1  15   1   5  24   0  15  16  47 126
  1271749363 126   1   1   1  16   1   6  75   0   7  16 254 126
  1271749365 126   1   1   1  17   1   7  31   0   1  16 114 126
  1271749367 126   1   1   1  18   1   8  89   0   3  16  34 126
  1271749369 126   1   1   1  19   1   9  54   0  15  16 149 126
  1271749371 126   1   1   1  20   1  10  62   0  11  16  79 126
  1271749374 126   1   1   1  21   1   1  56   0   9  16 154 126
  1271749386 126   1   1   1  22   1   2 102   0  10  16  11 126
  1271749388 126   1   1   1  23   1   3  48   0  16  16  33 126
  1271749391 126   1   1   1  24   1   4  22   0  16  16  75 126
  1271749393 126   1   1   1  25   1   5  24   0  14  16 158 126
  1271749395 126   1   1   1  26   1   6  75   0   8  16 109 126
  1271749397 126   1   1   1  27   1   7  31   0   1  16 249 126
  1271749399 126   1   1   1  28   1   8  89   0   3  16  93 126
  1271749401 126   1   1   1  29   1   9  54   0  16  16  30 126
  1271749403 126   1   1   1  30   1  10  62   0  12  16 170 126
  1271749406 126   1   1   1  31   1   1  56   0  10  16  68 126
  1271749416 126   1   1   1  32   1   2 102   0  13  16 255 126
  1271749419 126   1   1   1  33   1   3  48   0  16  16 187 126
  1271749421 126   1   1   1  34   1   4  21   0   1  16 116 126
  1271749423 126   1   1   1  35   1   5  24   0  12  16 144 126
  1271749425 126   1   1   1  36   1   6  74   0   9  16  77 126
  1271749427 126   1   1   1  37   1   7  32   0   9  16  54 126
  1271749429 126   1   1   1  38   1   8  89   0   4  16 172 126
  1271749431 126   1   1   1  39   1   9  53   0   1  16  33 126
  1271749433 126   1   1   1  40   1  10  62   0  13  16 244 126
  1271749436 126   1   1   1  41   1   1  56   0  11  16  26 126
  1271749446 126   1   1   1  42   1   2 102   0  10  16  26 126
  1271749448 126   1   1   1  43   1   3  48   0  16  16  48 126
  1271749451 126   1   1   1  44   1   4  22   0  16  16 171 126
  1271749453 126   1   1   1  45   1   5  24   0  12  16 239 126
  1271749455 126   1   1   1  46   1   6  74   0  10  16 147 126
  1271749457 126   1   1   1  47   1   7  33   0   3  16 213 126
  1271749459 126   1   1   1  48   1   8  89   0   5  16  29 126
  1271749461 126   1   1   1  49   1   9  53   0   1  16  84 126
  1271749463 126   1   1   1  50   1  10  62   0  14  16 209 126
  1271749466 126   1   1   1  51   1   1  56   0  11  16 106 126
  1271749476 126   1   1   1  52   1   2 103   0   6  16  92 126
  1271749478 126   1   1   1  53   1   3  48   0  16  16 180 126
  1271749481 126   1   1   1  54   1   4  21   0   1  16 123 126
  1271749483 126   1   1   1  55   1   5  24   0  11  16 241 126
  1271749485 126   1   1   1  56   1   6  74   0  11  16  34 126
  1271749487 126   1   1   1  57   1   7  34   0  16  16 145 126
  1271749489 126   1   1   1  58   1   8  89   0   5  16 150 126
  1271749492 126   1   1   1  59   1   9  53   0   2  16 138 126
  1271749503 126   1   1   1  60   1  10  62   0  15  16 106 126
  1271749505 126   1   1   1  61   1   1  56   0  12  16 123 126
  1271749533 126   1   1   1  62   1   2 103   0   6  16 215 126
  1271749536 126   1   1   1  63   1   3  47   0   1  16 181 126
  1271749538 126   1   1   1  64   1   4  21   0   1  16  38 126
  1271749540 126   1   1   1  65   1   5  25   0   8  16 118 126
  1271749542 126   1   1   1  66   1   6  74   0  12  16  20 126
  1271749544 126   1   1   1  67   1   7  34   0  16  16 201 126
  1271749546 126   1   1   1  68   1   8  89   0   8  16 179 126
  1271749548 126   1   1   1  69   1   9  53   0   4  16 140 126
  1271749550 126   1   1   1  70   1  10  61   0   1  16 102 126
  1271749553 126   1   1   1  71   1   1  56   0  13  16 231 126
  1271749563 126   1   1   1  72   1   2 103   0   7  16  78 126
  1271749565 126   1   1   1  73   1   3  47   0   1  16 232 126
  1271749568 126   1   1   1  74   1   4  21   0   1  16 173 126
  1271749570 126   1   1   1  75   1   5  25   0   7  16 229 126
  1271749572 126   1   1   1  76   1   6  74   0  13  16 175 126
  1271749574 126   1   1   1  77   1   7  33   0   2  16  67 126
  1271749576 126   1   1   1  78   1   8  89   0   8  16  56 126
  1271749578 126   1   1   1  79   1   9  53   0   4  16   7 126
  1271749580 126   1   1   1  80   1  10  61   0   2  16  70 126
  1271749583 126   1   1   1  81   1   1  56   0  14  16 199 126
  1271749593 126   1   1   1  82   1   2 102   0  10  16  56 126
  1271749596 126   1   1   1  83   1   3  47   0   1  16 152 126
  1271749598 126   1   1   1  84   1   4  22   0  16  16 137 126
  1271749600 126   1   1   1  85   1   5  25   0   6  16 165 126
  1271749602 126   1   1   1  86   1   6  74   0  14  16 138 126
  1271749604 126   1   1   1  87   1   7  34   0  15  16  50 126
  1271749606 126   1   1   1  88   1   8  88   0   9  16   6 126
  1271749608 126   1   1   1  89   1   9  53   0   5  16 182 126
  1271749611 126   1   1   1  90   1  10  61   0   3  16   9 126
  1271749623 126   1   1   1  91   1   1  56   0  15  16 136 126
  1271749653 126   1   1   1  92   1   2 102   0  16  16  76 126
  1271749655 126   1   1   1  93   1   3  47   0   1  16 231 126
  1271749658 126   1   1   1  94   1   4  21   0   1  16 162 126
  1271749660 126   1   1   1  95   1   5  25   0   4  16 191 126
  1271749662 126   1   1   1  96   1   6  74   0  15  16 212 126
  1271749664 126   1   1   1  97   1   7  34   0  16  16  92 126
  1271749666 126   1   1   1  98   1   8  88   0  11  16   8 126
  1271749668 126   1   1   1  99   1   9  53   0   6  16 124 126
  1271749670 126   1   1   1 100   1  10  61   0   4  16  12 126
  1271749673 126   1   1   1 101   1   1  56   0  15  16 227 126
  1271749683 126   1   1   1 102   1   2 101   0   2  16  38 126
  1271749685 126   1   1   1 103   1   3  47   0   1  16 120 126
  1271749688 126   1   1   1 104   1   4  22   0  16  16 152 126
  1271749690 126   1   1   1 105   1   5  25   0   2  16 143 126
  1271749692 126   1   1   1 106   1   6  74   0  16  16 171 126
  1271749694 126   1   1   1 107   1   7  34   0  13  16 178 126
  1271749696 126   1   1   1 108   1   8  88   0  12  16  25 126
  1271749698 126   1   1   1 109   1   9  53   0   7  16 199 126
  1271749700 126   1   1   1 110   1  10  61   0   5  16  67 126
  1271749703 126   1   1   1 111   1   1  56   0  16  16 156 126
  1271749713 126   1   1   1 112   1   2 101   0   4  16 249 126
  1271749715 126   1   1   1 113   1   3  47   0   1  16  13 126
  1271749718 126   1   1   1 114   1   4  22   0  16  16 232 126
  1271749720 126   1   1   1 115   1   5  25   0   2  16 255 126
  1271749722 126   1   1   1 116   1   6  73   0   1  16 143 126
  1271749724 126   1   1   1 117   1   7  34   0  15  16 167 126
  1271749726 126   1   1   1 118   1   8  88   0  13  16 173 126
  1271749728 126   1   1   1 119   1   9  53   0   7  16 183 126
  1271749731 126   1   1   1 120   1  10  61   0   6  16  99 126
  1271749743 126   1   1   1 121   1   1  55   0   1  16  91 126
  1271749773 126   1   1   1 122   1   2 100   0   9  16 116 126
  1271749776 126   1   1   1 123   1   3  47   0   1  16 134 126
  1271749778 126   1   1   1 124   1   4  21   0   1  16  55 126
  1271749780 126   1   1   1 125   1   5  26   0  16  16 117 126
  1271749782 126   1   1   1 126   1   6  73   0   2  16  81 126
  1271749784 126   1   1   1 127   1   7  33   0   4  16 135 126
  1271749786 126   1   1   1 128   1   8  88   0  14  16  50 126
  1271749788 126   1   1   1 129   1   9  52   0   9  16  46 126
  1271749791 126   1   1   1 130   1  10  61   0   7  16 104 126
  1271749793 126   1   1   1 131   1   1  55   0   2  16 193 126
  1271749803 126   1   1   1 132   1   2 100   0  11  16 222 126
  1271749805 126   1   1   1 133   1   3  47   0   1  16 189 126
  1271749808 126   1   1   1 134   1   4  22   0  16  16  88 126
  1271749810 126   1   1   1 135   1   5  26   0  14  16 138 126
  1271749812 126   1   1   1 136   1   6  73   0   3  16  95 126
  1271749814 126   1   1   1 137   1   7  33   0   4  16  77 126
  1271749816 126   1   1   1 138   1   8  88   0  15  16 125 126
  1271749818 126   1   1   1 139   1   9  52   0   9  16 165 126
  1271749820 126   1   1   1 140   1  10  61   0   8  16  15 126
  1271749823 126   1   1   1 141   1   1  55   0   2  16 190 126
  1271749833 126   1   1   1 142   1   2 100   0  14  16 170 126
  1271749835 126   1   1   1 143   1   3  47   0   1  16  54 126
  1271749838 126   1   1   1 144   1   4  22   0  16  16  45 126
  1271749840 126   1   1   1 145   1   5  26   0  13  16 170 126
  1271749842 126   1   1   1 146   1   6  73   0   4  16  65 126
  1271749844 126   1   1   1 147   1   7  33   0   5  16 249 126
  1271749846 126   1   1   1 148   1   8  88   0  16  16  13 126
  1271749848 126   1   1   1 149   1   9  52   0  11  16 176 126
  1271749851 126   1   1   1 150   1  10  60   0   9  16  52 126
  1271749863 126   1   1   1 151   1   1  55   0   3  16  10 126
  1271749893 126   1   1   1 152   1   2  99   0   2  16  20 126
  1271749895 126   1   1   1 153   1   3  47   0   1  16  67 126
  1271749898 126   1   1   1 154   1   4  22   0  16  16 166 126
  1271749900 126   1   1   1 155   1   5  26   0  10  16  79 126
  1271749902 126   1   1   1 156   1   6  73   0   5  16 250 126
  1271749904 126   1   1   1 157   1   7  33   0   7  16  23 126
  1271749906 126   1   1   1 158   1   8  87   0   1  16  52 126
  1271749908 126   1   1   1 159   1   9  52   0  12  16  85 126
  1271749910 126   1   1   1 160   1  10  60   0  10  16 251 126
  1271749913 126   1   1   1 161   1   1  55   0   4  16 254 126
  1271749923 126   1   1   1 162   1   2  99   0   4  16  33 126
  1271749925 126   1   1   1 163   1   3  47   0   1  16 220 126
  1271749928 126   1   1   1 164   1   4  22   0  16  16 205 126
  1271749930 126   1   1   1 165   1   5  26   0   9  16 113 126
  1271749932 126   1   1   1 166   1   6  73   0   6  16  48 126
  1271749934 126   1   1   1 167   1   7  32   0  14  16 181 126
  1271749936 126   1   1   1 168   1   8  87   0   3  16  63 126
  1271749938 126   1   1   1 169   1   9  52   0  12  16 207 126
  1271749940 126   1   1   1 170   1  10  60   0  10  16 112 126
  1271749943 126   1   1   1 171   1   1  55   0   4  16 117 126
  1271749953 126   1   1   1 172   1   2  99   0   6  16 207 126
  1271749955 126   1   1   1 173   1   3  47   0   1  16 163 126
  1271749958 126   1   1   1 174   1   4  22   0  16  16  70 126
  1271749960 126   1   1   1 175   1   5  27   0   8  16 177 126
  1271749962 126   1   1   1 176   1   6  73   0   7  16 129 126
  1271749964 126   1   1   1 177   1   7  31   0   8  16 184 126
  1271749966 126   1   1   1 178   1   8  87   0   3  16  79 126
  1271749968 126   1   1   1 179   1   9  52   0  13  16 123 126
  1271749971 126   1   1   1 180   1  10  60   0  11  16  48 126
  1271749973 126   1   1   1 181   1   1  55   0   5  16  53 126
  1271749985 126   1   1   1 182   1   2  99   0   8  16  99 126
  1271749987 126   1   1   1 183   1   3  47   0   1  16 211 126
  1271749990 126   1   1   1 184   1   4  22   0  16  16  51 126
  1271749992 126   1   1   1 185   1   5  27   0   8  16 196 126
  1271749994 126   1   1   1 186   1   6  73   0   7  16  10 126
  1271749996 126   1   1   1 187   1   7  31   0   5  16 186 126
  1271749998 126   1   1   1 188   1   8  87   0   4  16  94 126
  1271750000 126   1   1   1 189   1   9  52   0  13  16   4 126
  1271750002 126   1   1   1 190   1  10  60   0  11  16 187 126
  1271750005 126   1   1   1 191   1   1  55   0   5  16 190 126
  1271750015 126   1   1   1 192   1   2 100   0  13  16  71 126
  1271750017 126   1   1   1 193   1   3  47   0   1  16 142 126
  1271750020 126   1   1   1 194   1   4  22   0  16  16 107 126
  1271750022 126   1   1   1 195   1   5  25   0   4  16 214 126
  1271750024 126   1   1   1 196   1   6  73   0   8  16 190 126
  1271750026 126   1   1   1 197   1   7  32   0  11  16  24 126
  1271750028 126   1   1   1 198   1   8  87   0   5  16 194 126
  1271750030 126   1   1   1 199   1   9  52   0  14  16   9 126
  1271750032 126   1   1   1 200   1  10  60   0  12  16 136 126
  1271750035 126   1   1   1 201   1   1  55   0   6  16 182 126
  1271750045 126   1   1   1 202   1   2 101   0   7  16 164 126
  1271750047 126   1   1   1 203   1   3  47   0   2  16  80 126
  1271750050 126   1   1   1 204   1   4  22   0  16  16  20 126
  1271750052 126   1   1   1 205   1   5  24   0  10  16 250 126
  1271750054 126   1   1   1 206   1   6  72   0   9  16 126 126
  1271750056 126   1   1   1 207   1   7  32   0  13  16  57 126
  1271750058 126   1   1   1 208   1   8  87   0   6  16 226 126
  1271750060 126   1   1   1 209   1   9  52   0  14  16 124 126
  1271750062 126   1   1   1 210   1  10  60   0  12  16 248 126
  1271750065 126   1   1   1 211   1   1  55   0   6  16 198 126
  1271750075 126   1   1   1 212   1   2 101   0   6  16 228 126
  1271750077 126   1   1   1 213   1   3  47   0   2  16 212 126
  1271750080 126   1   1   1 214   1   4  22   0  16  16 100 126
  1271750082 126   1   1   1 215   1   5  24   0  12  16  32 126
  1271750084 126   1   1   1 216   1   6  72   0  10  16  94 126
  1271750086 126   1   1   1 217   1   7  33   0   8  16  60 126
  1271750088 126   1   1   1 218   1   8  87   0   7  16 173 126
  1271750091 126   1   1   1 219   1   9  52   0  15  16  51 126
  1271750102 126   1   1   1 220   1  10  60   0  13  16  67 126
  1271750104 126   1   1   1 221   1   1  55   0   7  16 125 126
  1271750132 126   1   1   1 222   1   2 101   0   7  16 171 126
  1271750134 126   1   1   1 223   1   3  47   0   2  16  95 126
  1271750137 126   1   1   1 224   1   4  22   0  16  16 254 126
  1271750139 126   1   1   1 225   1   5  24   0  13  16 126 126
  1271750141 126   1   1   1 226   1   6  72   0  11  16   5 126
  1271750143 126   1   1   1 227   1   7  32   0  11  16 121 126
  1271750145 126   1   1   1 228   1   8  86   0   9  16 149 126
  1271750147 126   1   1   1 229   1   9  52   0  16  16 172 126
  1271750149 126   1   1   1 230   1  10  60   0  14  16 137 126
  1271750152 126   1   1   1 231   1   1  55   0   8  16 250 126
  1271750162 126   1   1   1 232   1   2 100   0   9  16  98 126
  1271750164 126   1   1   1 233   1   3  47   0   2  16 197 126
  1271750167 126   1   1   1 234   1   4  22   0  16  16 117 126
  1271750169 126   1   1   1 235   1   5  24   0  13  16 245 126
  1271750171 126   1   1   1 236   1   6  72   0  12  16  20 126
  1271750173 126   1   1   1 237   1   7  32   0  10  16 194 126
  1271750175 126   1   1   1 238   1   8  86   0   9  16  30 126
  1271750177 126   1   1   1 239   1   9  52   0  16  16  39 126
  1271750179 126   1   1   1 240   1  10  60   0  14  16 252 126
  1271750182 126   1   1   1 241   1   1  54   0   9  16 196 126
  1271750192 126   1   1   1 242   1   2 100   0  11  16 131 126
  1271750194 126   1   1   1 243   1   3  47   0   2  16 181 126
  1271750197 126   1   1   1 244   1   4  22   0  16  16 241 126
  1271750199 126   1   1   1 245   1   5  24   0  12  16 181 126
  1271750201 126   1   1   1 246   1   6  72   0  12  16 100 126
  1271750203 126   1   1   1 247   1   7  33   0   6  16 112 126
  1271750205 126   1   1   1 248   1   8  86   0  10  16  62 126
  1271750207 126   1   1   1 249   1   9  51   0   1  16 252 126
  1271750209 126   1   1   1 250   1  10  60   0  14  16 119 126
  1271750212 126   1   1   1 251   1   1  54   0   9  16  79 126
  1271750224 126   1   1   1 252   1   2 100   0  13  16  86 126
  1271750226 126   1   1   1 253   1   3  47   0   2  16 202 126
  1271750229 126   1   1   1 254   1   4  22   0  16  16 122 126
  1271750231 126   1   1   1 255   1   5  24   0  11  16  80 126
  1271750233 126   1   1   1   0   1   6  72   0  13  16 106 126
  1271750235 126   1   1   1   1   1   7  32   0  12  16 210 126
  1271750237 126   1   1   1   2   1   8  86   0  11  16  53 126
  1271750239 126   1   1   1   3   1   9  51   0   1  16  51 126
  1271750241 126   1   1   1   4   1  10  60   0  15  16 136 126
  1271750244 126   1   1   1   5   1   1  54   0  10  16  33 126
  1271750254 126   1   1   1   6   1   2 100   0  15  16   8 126
  1271750256 126   1   1   1   7   1   3  47   0   2  16   5 126
  1271750259 126   1   1   1   8   1   4  22   0  16  16 176 126
  1271750261 126   1   1   1   9   1   5  24   0  10  16  94 126
  1271750263 126   1   1   1  10   1   6  72   0  14  16 180 126
  1271750265 126   1   1   1  11   1   7  31   0   4  16 253 126
  1271750267 126   1   1   1  12   1   8  86   0  12  16  36 126
  1271750269 126   1   1   1  13   1   9  51   0   2  16  25 126
  1271750271 126   1   1   1  14   1  10  60   0  15  16   3 126
  1271750274 126   1   1   1  15   1   1  54   0  10  16 170 126
  1271750284 126   1   1   1  16   1   2  99   0   1  16  39 126
  1271750286 126   1   1   1  17   1   3  47   0   2  16 112 126
  1271750289 126   1   1   1  18   1   4  22   0  16  16 192 126
  1271750291 126   1   1   1  19   1   5  24   0   9  16 123 126
  1271750293 126   1   1   1  20   1   6  72   0  14  16  48 126
  1271750295 126   1   1   1  21   1   7  31   0   4  16 121 126
  1271750297 126   1   1   1  22   1   8  86   0  12  16  84 126
  1271750299 126   1   1   1  23   1   9  51   0   2  16 105 126
  1271750301 126   1   1   1  24   1  10  60   0  16  16 130 126
  1271750304 126   1   1   1  25   1   1  54   0  10  16 223 126
  1271750314 126   1   1   1  26   1   2  99   0   3  16  61 126
  1271750316 126   1   1   1  27   1   3  47   0   2  16 251 126
  1271750319 126   1   1   1  28   1   4  22   0  16  16 191 126
  1271750321 126   1   1   1  29   1   5  25   0   8  16  79 126
  1271750323 126   1   1   1  30   1   6  72   0  15  16 127 126
  1271750325 126   1   1   1  31   1   7  31   0   6  16  99 126
  1271750327 126   1   1   1  32   1   8  86   0  13  16  10 126
  1271750329 126   1   1   1  33   1   9  51   0   3  16  55 126
  1271750332 126   1   1   1  34   1  10  60   0  16  16  29 126
  1271750344 126   1   1   1  35   1   1  54   0  11  16 132 126
  1271750374 126   1   1   1  36   1   2 102   0  10  16 101 126
  1271750376 126   1   1   1  37   1   3  47   0   2  16 144 126
  1271750379 126   1   1   1  38   1   4  22   0  16  16  32 126
  1271750381 126   1   1   1  39   1   5  24   0  13  16 160 126
  1271750383 126   1   1   1  40   1   6  71   0   1  16 163 126
  1271750385 126   1   1   1  41   1   7  30   0  10  16  59 126
  1271750387 126   1   1   1  42   1   8  86   0  15  16  16 126
  1271750389 126   1   1   1  43   1   9  51   0   3  16 188 126
  1271750391 126   1   1   1  44   1  10  59   0   1  16 204 126
  1271750394 126   1   1   1  45   1   1  54   0  12  16 149 126
  1271750404 126   1   1   1  46   1   2 103   0   7  16 232 126
  1271750406 126   1   1   1  47   1   3  47   0   2  16  27 126
  1271750409 126   1   1   1  48   1   4  22   0  16  16  85 126
  1271750411 126   1   1   1  49   1   5  23   0   1  16   2 126
  1271750413 126   1   1   1  50   1   6  71   0   1  16 211 126
  1271750415 126   1   1   1  51   1   7  31   0   8  16  85 126
  1271750417 126   1   1   1  52   1   8  86   0  16  16  96 126
  1271750419 126   1   1   1  53   1   9  51   0   4  16  86 126
  1271750421 126   1   1   1  54   1  10  59   0   1  16 188 126
  1271750424 126   1   1   1  55   1   1  54   0  12  16 229 126
  1271750434 126   1   1   1  56   1   2 103   0   6  16  89 126
  1271750436 126   1   1   1  57   1   3  47   0   2  16 110 126
  1271750439 126   1   1   1  58   1   4  22   0  16  16 222 126
  1271750441 126   1   1   1  59   1   5  23   0   6  16 231 126
  1271750443 126   1   1   1  60   1   6  71   0   2  16 249 126
  1271750445 126   1   1   1  61   1   7  32   0  15  16 150 126
  1271750447 126   1   1   1  62   1   8  86   0  16  16 235 126
  1271750449 126   1   1   1  63   1   9  51   0   5  16  25 126
  1271750452 126   1   1   1  64   1  10  59   0   2  16 180 126
  1271750464 126   1   1   1  65   1   1  54   0  13  16 124 126
  1271750494 126   1   1   1  66   1   2 103   0   3  16 254 126
  1271750496 126   1   1   1  67   1   3  47   0   2  16  54 126
  1271750499 126   1   1   1  68   1   4  22   0  16  16 114 126
  1271750501 126   1   1   1  69   1   5  22   0  10  16 137 126
  1271750503 126   1   1   1  70   1   6  71   0   3  16 101 126
  1271750505 126   1   1   1  71   1   7  31   0   1  16 192 126
  1271750507 126   1   1   1  72   1   8  85   0   2  16  67 126
  1271750509 126   1   1   1  73   1   9  51   0   5  16  68 126
  1271750511 126   1   1   1  74   1  10  59   0   3  16 251 126
  1271750514 126   1   1   1  75   1   1  54   0  14  16 162 126
  1271750524 126   1   1   1  76   1   2 103   0   4  16 239 126
  1271750526 126   1   1   1  77   1   3  47   0   2  16  73 126
  1271750529 126   1   1   1  78   1   4  22   0  16  16 249 126
  1271750531 126   1   1   1  79   1   5  22   0  10  16   2 126
  1271750533 126   1   1   1  80   1   6  71   0   4  16 126 126
  1271750535 126   1   1   1  81   1   7  32   0  16  16  79 126
  1271750537 126   1   1   1  82   1   8  85   0   3  16 247 126
  1271750539 126   1   1   1  83   1   9  51   0   6  16  97 126
  1271750541 126   1   1   1  84   1  10  59   0   3  16 127 126
  1271750544 126   1   1   1  85   1   1  54   0  14  16  38 126
  1271750554 126   1   1   1  86   1   2 103   0   5  16  91 126
  1271750556 126   1   1   1  87   1   3  47   0   3  16 253 126
  1271750559 126   1   1   1  88   1   4  22   0  16  16 140 126
  1271750561 126   1   1   1  89   1   5  22   0   9  16  34 126
  1271750563 126   1   1   1  90   1   6  71   0   5  16  49 126
  1271750565 126   1   1   1  91   1   7  31   0   2  16 107 126
  1271750567 126   1   1   1  92   1   8  85   0   4  16 230 126
  1271750569 126   1   1   1  93   1   9  51   0   7  16 218 126
  1271750572 126   1   1   1  94   1  10  59   0   4  16 154 126
  1271750583 126   1   1   1  95   1   1  54   0  15  16 105 126
  1271750613 126   1   1   1  96   1   2 103   0   7  16  80 126
  1271750615 126   1   1   1  97   1   3  47   0   3  16 103 126
  1271750618 126   1   1   1  98   1   4  22   0  16  16  19 126
  1271750620 126   1   1   1  99   1   5  23   0   7  16 238 126
  1271750622 126   1   1   1 100   1   6  71   0   6  16  15 126
  1271750624 126   1   1   1 101   1   7  31   0   6  16  59 126
  1271750626 126   1   1   1 102   1   8  85   0   6  16 232 126
  1271750628 126   1   1   1 103   1   9  51   0   7  16  69 126
  1271750630 126   1   1   1 104   1  10  59   0   5  16 196 126
  1271750633 126   1   1   1 105   1   1  54   0  16  16   7 126
  1271750643 126   1   1   1 106   1   2 102   0  11  16  25 126
  1271750645 126   1   1   1 107   1   3  47   0   3  16 236 126
  1271750648 126   1   1   1 108   1   4  22   0  16  16 108 126
  1271750650 126   1   1   1 109   1   5  23   0   6  16  85 126
  1271750652 126   1   1   1 110   1   6  71   0   7  16  64 126
  1271750654 126   1   1   1 111   1   7  31   0   8  16 108 126
  1271750656 126   1   1   1 112   1   8  85   0   6  16 157 126
  1271750658 126   1   1   1 113   1   9  51   0   7  16  48 126
  1271750660 126   1   1   1 114   1  10  59   0   6  16 225 126
  1271750663 126   1   1   1 115   1   1  54   0  16  16 119 126
  1271750673 126   1   1   1 116   1   2 102   0  14  16  98 126
  1271750675 126   1   1   1 117   1   3  47   0   3  16 104 126
  1271750678 126   1   1   1 118   1   4  22   0  16  16  28 126
  1271750680 126   1   1   1 119   1   5  23   0   5  16 112 126
  1271750682 126   1   1   1 120   1   6  71   0   8  16  45 126
  1271750684 126   1   1   1 121   1   7  31   0   6  16 197 126
  1271750686 126   1   1   1 122   1   8  85   0   7  16 210 126
  1271750688 126   1   1   1 123   1   9  51   0   8  16 163 126
  1271750690 126   1   1   1 124   1  10  59   0   6  16 158 126
  1271750693 126   1   1   1 125   1   1  54   0  16  16   8 126
  1271750705 126   1   1   1 126   1   2 101   0   1  16 121 126
  1271750707 126   1   1   1 127   1   3  47   0   3  16 227 126
  1271750710 126   1   1   1 128   1   4  22   0  16  16 214 126
  1271750712 126   1   1   1 129   1   5  23   0   4  16 126 126
  1271750714 126   1   1   1 130   1   6  71   0   8  16 226 126
  1271750716 126   1   1   1 131   1   7  31   0   3  16 245 126
  1271750718 126   1   1   1 132   1   8  85   0   8  16 241 126
  1271750720 126   1   1   1 133   1   9  50   0   9  16 211 126
  1271750722 126   1   1   1 134   1  10  59   0   6  16  81 126
  1271750725 126   1   1   1 135   1   1  53   0   1  16 103 126
  1271750735 126   1   1   1 136   1   2 101   0   3  16  34 126
  1271750737 126   1   1   1 137   1   3  47   0   3  16  41 126
  1271750740 126   1   1   1 138   1   4  22   0  16  16  93 126
  1271750742 126   1   1   1 139   1   5  23   0   2  16  95 126
  1271750744 126   1   1   1 140   1   6  70   0   9  16 214 126
  1271750746 126   1   1   1 141   1   7  32   0  16  16 225 126
  1271750748 126   1   1   1 142   1   8  85   0   8  16 122 126
  1271750750 126   1   1   1 143   1   9  50   0   9  16  88 126
  1271750752 126   1   1   1 144   1  10  59   0   7  16 224 126
  1271750755 126   1   1   1 145   1   1  53   0   1  16  18 126
  1271750765 126   1   1   1 146   1   2 101   0   6  16 173 126
  1271750767 126   1   1   1 147   1   3  47   0   3  16  89 126
  1271750770 126   1   1   1 148   1   4  22   0  16  16 217 126
  1271750772 126   1   1   1 149   1   5  23   0   1  16 142 126
  1271750774 126   1   1   1 150   1   6  70   0  10  16 243 126
  1271750776 126   1   1   1 151   1   7  31   0   1  16 107 126
  1271750778 126   1   1   1 152   1   8  84   0   9  16  68 126
  1271750780 126   1   1   1 153   1   9  50   0  10  16 120 126
  1271750782 126   1   1   1 154   1  10  59   0   7  16 107 126
  1271750785 126   1   1   1 155   1   1  53   0   2  16 204 126
  1271750795 126   1   1   1 156   1   2 101   0   8  16  14 126
  1271750797 126   1   1   1 157   1   3  47   0   3  16  38 126
  1271750800 126   1   1   1 158   1   4  22   0  16  16  82 126
  1271750802 126   1   1   1 159   1   5  24   0  16  16 183 126
  1271750804 126   1   1   1 160   1   6  70   0  10  16 105 126
  1271750806 126   1   1   1 161   1   7  31   0   3  16  96 126
  1271750808 126   1   1   1 162   1   8  84   0  10  16 142 126
  1271750810 126   1   1   1 163   1   9  50   0  11  16  35 126
  1271750824 126   1   1   1 164   1  10  59   0   8  16  24 126
  1271750826 126   1   1   1 165   1   1  53   0   3  16  99 126
  1271750854 126   1   1   1 166   1   2 100   0  13  16 225 126
  1271750856 126   1   1   1 167   1   3  47   0   4  16 215 126
  1271750859 126   1   1   1 168   1   4  22   0  16  16 200 126
  1271750861 126   1   1   1 169   1   5  24   0  13  16  72 126
  1271750863 126   1   1   1 170   1   6  70   0  12  16  72 126
  1271750865 126   1   1   1 171   1   7  31   0   4  16 133 126
  1271750867 126   1   1   1 172   1   8  84   0  11  16  53 126
  1271750869 126   1   1   1 173   1   9  50   0  11  16  92 126
  1271750871 126   1   1   1 174   1  10  58   0   9  16 216 126
  1271750874 126   1   1   1 175   1   1  53   0   3  16 232 126
  1271750884 126   1   1   1 176   1   2 100   0  15  16   5 126
  1271750886 126   1   1   1 177   1   3  47   0   3  16 204 126
  1271750889 126   1   1   1 178   1   4  22   0  16  16 184 126
  1271750891 126   1   1   1 179   1   5  24   0  12  16 252 126
  1271750893 126   1   1   1 180   1   6  70   0  12  16 204 126
  1271750895 126   1   1   1 181   1   7  31   0   3  16 111 126
  1271750897 126   1   1   1 182   1   8  84   0  12  16  43 126
  1271750899 126   1   1   1 183   1   9  50   0  12  16  66 126
  1271750901 126   1   1   1 184   1  10  58   0   9  16 173 126
  1271750904 126   1   1   1 185   1   1  53   0   5  16  55 126
  1271750914 126   1   1   1 186   1   2  99   0   1  16 212 126
  1271750916 126   1   1   1 187   1   3  47   0   3  16  71 126
  1271750919 126   1   1   1 188   1   4  22   0  16  16 199 126
  1271750921 126   1   1   1 189   1   5  24   0  10  16  41 126
  1271750923 126   1   1   1 190   1   6  70   0  13  16 131 126
  1271750925 126   1   1   1 191   1   7  31   0   7  16 223 126
  1271750927 126   1   1   1 192   1   8  84   0  13  16 178 126
  1271750929 126   1   1   1 193   1   9  50   0  13  16 219 126
  1271750932 126   1   1   1 194   1  10  58   0  10  16 160 126
  1271750934 126   1   1   1 195   1   1  53   0   4  16 171 126
  1271750946 126   1   1   1 196   1   2  99   0   3  16 233 126
  1271750948 126   1   1   1 197   1   3  47   0   4  16 133 126
  1271750950 126   1   1   1 198   1   4  22   0  16  16 159 126
  1271750953 126   1   1   1 199   1   5  24   0   9  16  36 126
  1271750955 126   1   1   1 200   1   6  70   0  14  16 139 126
  1271750957 126   1   1   1 201   1   7  31   0   6  16  70 126
  1271750959 126   1   1   1 202   1   8  84   0  14  16 108 126
  1271750961 126   1   1   1 203   1   9  50   0  13  16  80 126
  1271750963 126   1   1   1 204   1  10  58   0  10  16 223 126
  1271750965 126   1   1   1 205   1   1  53   0   5  16  16 126
  1271750976 126   1   1   1 206   1   2  99   0   5  16 200 126
  1271750978 126   1   1   1 207   1   3  47   0   4  16  14 126
  1271750981 126   1   1   1 208   1   4  22   0  16  16 234 126
  1271750983 126   1   1   1 209   1   5  25   0   7  16   2 126
  1271750985 126   1   1   1 210   1   6  70   0  14  16 251 126
  1271750987 126   1   1   1 211   1   7  30   0  14  16 207 126
  1271750989 126   1   1   1 212   1   8  84   0  15  16  44 126
  1271750991 126   1   1   1 213   1   9  50   0  14  16 129 126
  1271750993 126   1   1   1 214   1  10  58   0  10  16 175 126
  1271750996 126   1   1   1 215   1   1  53   0   5  16  96 126
  1271751006 126   1   1   1 216   1   2  99   0   7  16  44 126
  1271751008 126   1   1   1 217   1   3  47   0   4  16 123 126
  1271751011 126   1   1   1 218   1   4  22   0  16  16  97 126
  1271751013 126   1   1   1 219   1   5  25   0   6  16  77 126
  1271751015 126   1   1   1 220   1   6  70   0  15  16  64 126
  1271751017 126   1   1   1 221   1   7  30   0  11  16  79 126
  1271751019 126   1   1   1 222   1   8  84   0  16  16  83 126
  1271751021 126   1   1   1 223   1   9  50   0  14  16  10 126
  1271751023 126   1   1   1 224   1  10  58   0  10  16  53 126
  1271751026 126   1   1   1 225   1   1  53   0   5  16 250 126
  1271751036 126   1   1   1 226   1   2  98   0  10  16 181 126
  1271751038 126   1   1   1 227   1   3  47   0   4  16 228 126
  1271751041 126   1   1   1 228   1   4  22   0  16  16  10 126
  1271751043 126   1   1   1 229   1   5  25   0   5  16 115 126
  1271751045 126   1   1   1 230   1   6  70   0  16  16  43 126
  1271751047 126   1   1   1 231   1   7  31   0   5  16 131 126
  1271751049 126   1   1   1 232   1   8  84   0  16  16 201 126
  1271751051 126   1   1   1 233   1   9  50   0  15  16  84 126
  1271751054 126   1   1   1 234   1  10  58   0  11  16 122 126
  1271751066 126   1   1   1 235   1   1  53   0   6  16  36 126
  1271751096 126   1   1   1 236   1   2  98   0  13  16 164 126
  1271751098 126   1   1   1 237   1   3  47   0   4  16 155 126
  1271751101 126   1   1   1 238   1   4  22   0  16  16 129 126
  1271751103 126   1   1   1 239   1   5  25   0   2  16 150 126
  1271751105 126   1   1   1 240   1   6  69   0   1  16 254 126
  1271751107 126   1   1   1 241   1   7  32   0  11  16 248 126
  1271751109 126   1   1   1 242   1   8  83   0   2  16  66 126
  1271751111 126   1   1   1 243   1   9  50   0  15  16  36 126
  1271751113 126   1   1   1 244   1  10  58   0  11  16 254 126
  1271751116 126   1   1   1 245   1   1  53   0   6  16 160 126
  1271751126 126   1   1   1 246   1   2 100   0  13  16 221 126
  1271751128 126   1   1   1 247   1   3  47   0   4  16 235 126
  1271751131 126   1   1   1 248   1   4  22   0  16  16 244 126
  1271751133 126   1   1   1 249   1   5  25   0   5  16 141 126
  1271751135 126   1   1   1 250   1   6  69   0   2  16  32 126
  1271751137 126   1   1   1 251   1   7  32   0   9  16 226 126
  1271751139 126   1   1   1 252   1   8  83   0   2  16  61 126
  1271751141 126   1   1   1 253   1   9  50   0  16  16 175 126
  1271751143 126   1   1   1 254   1  10  58   0  12  16  27 126
  1271751146 126   1   1   1 255   1   1  53   0   6  16  43 126
  1271751156 126   1   1   1   0   1   2 102   0  15  16 129 126
  1271751158 126   1   1   1   1   1   3  47   0   4  16  33 126
  1271751161 126   1   1   1   2   1   4  22   0  16  16  59 126
  1271751163 126   1   1   1   3   1   5  24   0   9  16 128 126
  1271751165 126   1   1   1   4   1   6  69   0   3  16 223 126
  1271751167 126   1   1   1   5   1   7  32   0  11  16  72 126
  1271751169 126   1   1   1   6   1   8  83   0   3  16  54 126
  1271751171 126   1   1   1   7   1   9  50   0  16  16  96 126
  1271751174 126   1   1   1   8   1  10  58   0  12  16 209 126
  1271751186 126   1   1   1   9   1   1  53   0   6  16 225 126
  1271751216 126   1   1   1  10   1   2 102   0   9  16 160 126
  1271751218 126   1   1   1  11   1   3  47   0   4  16 170 126
  1271751221 126   1   1   1  12   1   4  22   0  16  16  68 126
  1271751223 126   1   1   1  13   1   5  24   0  11  16 110 126
  1271751225 126   1   1   1  14   1   6  69   0   3  16  84 126
  1271751227 126   1   1   1  15   1   7  32   0  13  16 105 126
  1271751229 126   1   1   1  16   1   8  83   0   5  16 233 126
  1271751231 126   1   1   1  17   1   9  49   0   1  16 181 126
  1271751233 126   1   1   1  18   1  10  58   0  13  16 101 126
  1271751236 126   1   1   1  19   1   1  53   0   7  16  85 126
  1271751246 126   1   1   1  20   1   2 102   0  10  16 113 126
  1271751248 126   1   1   1  21   1   3  47   0   5  16 234 126
  1271751251 126   1   1   1  22   1   4  22   0  16  16  52 126
  1271751253 126   1   1   1  23   1   5  24   0  11  16  30 126
  1271751255 126   1   1   1  24   1   6  69   0   4  16  79 126
  1271751257 126   1   1   1  25   1   7  31   0   3  16  18 126
  1271751259 126   1   1   1  26   1   8  83   0   6  16  55 126
  1271751261 126   1   1   1  27   1   9  49   0   2  16 107 126
