171003.00
179355.67
187413.67
195755.00
203937.67
212437.67
220597.67
228803.00
237167.00
245281.67
253827.00
262055.00
270056.33
278284.33
286761.67
294853.67
303308.33
311287.00
319741.67
328026.33
336129.67
344267.00
352812.33
360995.00
369404.33
377677.67
385951.00
394156.33
402418.33
410283.67
168541.02
176821.57
185101.83
193381.80
201661.85
209942.12
218222.17
226502.10
234781.94
243061.69
251341.98
259621.82
267901.28
276181.20
284460.80
292740.64
301020.39
309299.84
317579.29
325858.97
334138.30
342417.60
350696.96
358976.06
367255.53
375534.67
383813.62
392092.27
400371.25
408649.69
171938.47
180182.40
188425.98
196670.10
204914.05
213158.01
221402.07
229646.38
237890.37
246134.45
254378.82
262622.29
270866.43
279110.18
287354.00
295597.69
303841.70
312085.32
320329.01
328572.79
336816.24
345059.84
353303.50
361546.85
369790.48
378034.05
386277.35
394520.07
402763.28
411007.06
175314.47
183522.17
191730.37
199938.64
208146.30
216354.73
224562.88
232771.40
240979.62
249188.32
257396.70
265605.20
273813.89
282022.56
290231.19
298439.69
306648.21
314856.52
323064.96
331273.18
339481.58
347689.88
355898.15
364106.10
372314.17
380522.53
388730.71
396938.63
405146.56
413354.18
178663.43
186835.90
195008.43
203181.00
211353.90
219526.81
227699.82
235872.93
244046.12
252219.40
260392.31
268565.91
276739.06
284912.39
293085.76
301259.50
309432.83
317606.16
325779.65
333953.30
342126.65
350300.19
358473.44
366646.69
374820.14
382992.97
391166.05
399339.33
407512.48
415685.55
181984.84
190122.18
198259.71
206397.47
214535.34
222673.35
230811.45
238949.80
247087.94
255226.16
263364.58
271502.87
279641.49
287779.80
295918.60
304057.07
312195.69
320334.21
328472.98
336611.58
344750.50
352889.34
361028.10
369166.66
377305.69
385444.08
393582.73
401721.11
409859.95
417997.97
185278.07
193380.82
201483.97
209587.20
217690.52
225793.90
233897.70
242001.21
250104.90
258208.51
266312.67
274416.37
282520.42
290624.50
298728.61
306832.57
314936.66
323040.90
331145.16
339249.26
347353.59
355457.85
363562.13
371666.19
379770.87
387875.45
395979.66
404083.93
412188.04
420293.04
188543.76
196612.47
204681.39
212750.52
220819.36
228888.80
236958.12
245027.46
253096.91
261166.75
269236.37
277306.23
285376.03
293446.10
301515.91
309585.69
317655.80
325725.93
333795.86
341865.90
349936.04
358006.35
366076.79
374146.83
382216.93
390287.24
398357.27
406427.56
414497.93
422567.89
191782.22
199817.19
207852.23
215887.25
223922.70
231958.11
239993.59
248029.28
256064.88
264100.98
272136.51
280172.71
288208.59
296244.50
304280.70
312316.62
320352.82
328389.02
336425.36
344461.56
352497.90
360534.17
368570.24
376607.03
384643.39
392679.57
400716.02
408752.54
416788.78
424825.90
194994.26
202995.56
210996.90
218998.57
227000.36
235002.18
243004.04
251006.17
259008.52
267010.50
275013.01
283015.27
291017.93
299020.23
307022.78
315025.43
323028.05
331030.69
339033.29
347036.07
355038.84
363041.85
371044.25
379047.43
387050.15
395053.34
403055.67
411059.13
419061.76
427064.97
198179.46
206147.45
214115.71
222084.01
230052.48
238021.12
245989.97
253958.71
261927.76
269896.65
277865.65
285835.03
293804.11
301773.37
309742.59
317712.03
325681.49
333650.87
341620.35
349589.84
357559.42
365529.44
373498.98
381468.15
389437.79
397407.37
405377.46
413346.73
421316.64
429286.42
201338.54
209273.34
217208.75
225144.19
233079.72
241015.44
248951.24
256887.19
264823.01
272759.24
280695.32
288631.58
296567.84
304503.86
312440.44
320376.94
328313.42
336249.80
344186.32
352123.06
360059.43
367996.11
375933.14
383869.89
391806.06
399743.11
407679.36
415616.83
423553.29
431489.84
204471.59
212373.89
220276.66
228179.33
236082.23
243985.32
251888.43
259791.77
267694.90
275598.13
283502.01
291405.40
299309.10
307212.67
315116.40
323020.14
330924.05
338827.78
346731.70
354635.57
362539.70
370443.63
378347.61
386251.70
394156.21
402059.63
409963.98
417868.07
425772.57
433676.37
