207856.77
204097.33
202781.49
203982.46
211658.62
220913.86
232301.16
248460.09
271257.41
293848.61
321880.44
352726.35
386829.67
424194.87
466487.38
512128.73
560959.56
613197.07
670057.89
728631.41
792002.13
858737.00
930417.05
1003738.81
1080690.12
1165270.62
1249125.18
1338510.74
1429786.66
1524209.29
164206.60
164771.84
170368.60
178789.24
190161.28
206708.18
225060.45
246047.76
272322.52
302636.40
335786.90
371920.28
411929.38
455342.20
502062.54
552100.75
605606.78
662899.90
723649.61
788050.51
855698.31
926934.00
1001994.76
1080189.05
1161929.97
1247182.26
1335963.18
1428274.21
1524090.78
1623446.46
176231.85
168737.79
173496.74
179118.75
187157.94
195313.16
204500.91
216446.06
232733.78
250365.19
276799.65
310422.14
342618.32
377163.02
420421.36
468695.58
518820.50
570231.03
624879.67
682962.72
744432.72
809886.68
878959.89
951564.36
1029612.90
1110714.85
1196226.80
1284537.36
1376304.63
1471794.82
215195.41
202428.08
191365.48
181652.33
169877.95
159534.63
161686.01
184980.68
207390.94
225099.68
244499.51
264863.28
287333.03
312065.88
339170.10
372355.63
424193.27
466939.45
512631.12
561603.43
628357.41
697778.77
767519.33
836307.32
907493.80
983012.23
1061875.98
1144442.50
1230585.96
1320533.76
255326.77
238139.17
223344.77
201997.69
183388.38
173904.32
161200.94
159155.45
157551.93
155170.50
162913.46
204494.93
230395.06
270062.55
294990.71
320879.40
350147.65
382567.54
416685.95
453629.15
497964.87
570525.31
629736.07
688747.64
749856.79
828063.93
917434.00
1013758.45
1096993.93
1183621.49
293366.88
266279.57
236407.27
212191.20
190868.28
181609.50
177865.94
173022.66
167705.26
163384.05
159584.60
156550.12
152841.26
151753.16
157639.68
214406.74
262196.88
328101.78
363106.67
399129.31
435936.84
474757.51
515796.10
559109.70
604713.65
662004.29
760610.94
834335.99
906928.95
981039.96
313435.79
266992.36
241797.66
211113.38
204522.34
197665.73
188673.11
180532.97
173409.93
166566.91
158219.90
155416.74
155726.36
156695.02
158704.43
161006.87
163492.10
166527.08
173751.52
230030.45
317866.99
406241.19
449792.38
494567.66
538577.53
584134.43
632064.92
682208.55
734997.24
790764.32
304569.93
271353.80
238884.02
229670.45
216623.57
203851.19
192186.13
181575.31
168300.04
162979.93
160887.77
160857.39
161740.66
163261.27
164903.19
167153.92
169686.35
172354.37
175246.55
178273.39
181519.83
185426.01
196912.20
270836.51
386007.53
496336.87
553343.73
606890.70
658501.09
711584.07
281721.30
269150.58
254089.77
235260.72
217652.60
202053.90
182504.27
173443.15
169408.96
168842.57
168501.34
168020.62
168713.96
170166.71
171824.33
173570.07
175488.42
177612.80
180215.48
183295.10
186433.29
189713.65
193211.45
196891.63
200754.99
205555.16
235326.05
366051.37
469854.01
615662.22
301935.64
278180.77
252772.38
230352.32
206814.37
186780.91
180168.15
178628.66
177466.91
176370.22
175498.38
174847.23
175203.40
176699.24
178251.95
179912.85
181672.98
183648.85
185836.55
188176.41
190745.69
193484.24
197385.76
200994.20
204774.21
208699.74
212789.90
217064.14
221580.77
227391.31
302195.34
269322.12
238900.81
205429.35
193642.99
190557.94
188253.23
186134.76
184530.39
183321.53
181744.43
181848.45
182088.02
183030.56
184664.22
186287.11
187942.53
189721.38
191675.64
193828.23
196178.52
198675.64
201395.09
204261.58
207248.66
211533.09
215621.86
219735.57
224040.74
228458.11
284709.98
238723.65
214989.20
205352.50
201375.82
197888.70
195261.68
193345.21
191847.47
190314.20
189110.55
189080.91
189142.05
189291.26
190823.11
192344.32
193935.49
195470.43
197187.10
199052.77
201126.92
203287.20
205714.53
208260.14
210921.44
213789.81
216808.16
220002.76
224472.95
228919.18
241565.60
223887.52
217752.09
212407.36
208189.01
205362.61
203073.57
201152.83
199235.82
196890.08
196463.17
196211.11
195952.42
195828.91
195912.46
197825.53
199264.24
200462.39
201807.50
203234.94
204884.43
206649.40
208564.00
210734.33
213160.36
215804.20
218698.17
221841.95
225199.73
228769.05
